,lon,lat,tract
0,-73.86736499999998,40.881116600000006,36005037800
1,-73.987061,40.755861100000004,36061011300
2,-73.90821869999998,40.8456014,36005022901
3,-73.8821796,40.831303600000005,36005005400
4,-73.9638228,40.803013899999996,36061019701
5,-73.90473420000001,40.8553679,36005024100
6,-73.9152938,40.7693034,36081006501
7,-73.9274121,40.8183248,36005005100
8,-74.11163979999998,40.618660799999994,36085014700
9,-73.9557224,40.6814692,36047022700
10,-73.84751259999999,40.8875027,36005042400
11,-73.9811407,40.689755299999995,36047003300
12,-73.8689784,40.8404178,36005024000
13,-73.86482679999999,40.844781899999994,36005023800
14,-73.94598189999998,40.8090737,36061022400
15,-73.7950012,40.682550299999996,36081018800
16,-73.8899261,40.8568015,36005038700
17,-73.9067633,40.6689705,36047090600
18,-74.0059728,40.7127753,36061003100
19,-73.95120659999998,40.7240571,36047056900
20,-73.95098349999998,40.7276685,36047057300
21,-73.9390763,40.7995914,36061018200
22,-73.96852829999999,40.6337153,36047048200
23,-73.8958595,40.8570565,36005038302
24,-74.11163979999998,40.618660799999994,36085014700
25,-73.93172259999999,40.799240399999995,36061019200
26,-73.95102179999998,40.8087404,36061022200
27,-73.8947606,40.843266,36005036902
28,-73.9841848,40.7598383,36061012500
29,-73.8927827,40.86505220000001,36005040501
30,-73.97421340000001,40.79596970000001,36061018300
31,-73.9045235,40.86299899999999,36005026300
32,-73.95781120000001,40.60867349999999,36047055200
33,-73.8389591,40.881653,36005048400
34,-73.9125711,40.8445687,36005022702
35,-73.8770858,40.834214200000005,36005006200
36,-73.84144690000001,40.8349243,36005009600
37,-73.9768502,40.7145942,36061001001
38,-73.943884,40.598989,36047057400
39,-73.9463122,40.6881026,36047026500
40,-73.90194919999998,40.8120968,36005008300
41,-73.91761559999998,40.832614500000005,36005018102
42,-73.88371529999998,40.840286400000004,36005035900
43,-73.8553137,40.8093335,36005000200
44,,,NA
45,-74.0010862,40.7189232,36061004500
46,-73.80232889999998,40.7091229,36081044800
47,-73.7948516,40.7282239,36081124700
48,-73.83331299999998,40.691840899999995,36081011800
49,-73.98770999999998,40.750246999999995,36061010900
50,-73.86180019999998,40.8220816,36005004200
51,-73.7403296,40.7153438,36081056800
52,-73.93728949999998,40.79768019999999,36061018800
53,-73.96234090000002,40.6515024,36047050801
54,-73.92530440000002,40.8636489,36061029100
55,-73.9933705,40.5750768,36047034200
56,-73.9344666,40.84756300000001,36061026100
57,-74.1628566,40.546541600000005,36085014604
58,-73.92308840000001,40.6860804,36047037500
59,-73.8861841,40.8548751,36005038900
60,-73.93233219999998,40.8487593,36061026900
61,-73.9031366,40.8776136,36005027700
62,-73.89133389999998,40.861745500000005,36005039700
63,-73.90652949999998,40.66914329999999,36047090800
64,-73.99298879999998,40.7415191,36061005800
65,-73.88770989999998,40.8118971,36005009300
66,,,NA
67,-73.88497640000001,40.662958,36047112200
68,-73.9388905,40.6843032,36047027500
69,-74.11163979999998,40.618660799999994,36085014700
70,-74.14411290000001,40.6221486,36085025100
71,-73.83331299999998,40.691840899999995,36081011800
72,-73.9298191,40.807058500000004,36005001900
73,-73.7757221,40.5956863,36081097203
74,-73.827998,40.844596700000004,36005026602
75,-73.98635589999998,40.7119145,36061000201
76,-73.90410229999998,40.8347075,36005014701
77,-73.8886515,40.8355045,36005015700
78,-73.8801556,40.8739691,36005041900
79,-73.90418709999999,40.6634736,36047091000
80,-73.8864553,40.7921451,36005000100
81,-73.99795569999998,40.5744773,36047034200
82,-73.9557224,40.6814692,36047022700
83,-73.82468320000001,40.772356,36081104700
84,-74.11163979999998,40.618660799999994,36085014700
85,-73.8635973,40.87947090000001,36005038000
86,-73.94016040000001,40.695116799999994,36047028300
87,-73.88158059999998,40.6713039,36047116400
88,-73.9892235,40.6937805,36047001100
89,,,NA
90,-74.12065909999998,40.606613200000005,36085017300
91,-73.90914939999998,40.664689700000004,36047091200
92,-73.941616,40.627926,36047074000
93,-73.94532749999998,40.799756099999996,36061018400
94,-73.8637238,40.671786499999996,36047120800
95,-73.90782949999998,40.678112,36047036700
96,-73.865426,40.818416,36005002000
97,-73.83563459999998,40.6550117,36081088400
98,-73.9540308,40.6947234,36047024100
99,-73.86482679999999,40.844781899999994,36005023800
100,-73.9497937,40.8013511,36061019000
101,-73.91133070000001,40.8542949,36005024300
102,-73.9524965,40.671574,36047031702
103,-73.9387998,40.703454,36047048900
104,-73.912319,40.828788,36005014300
105,-73.98586650000001,40.6961605,36047001300
106,-73.8590801,40.6925184,36081001000
107,-73.8353589,40.579766,36081093800
108,-73.93740749999998,40.6783744,36047027100
109,-73.87222679999998,40.7510771,36081027300
110,-73.90716800000001,40.846368,36005022901
111,-74.14697659999999,40.6101441,36085018901
112,-73.91638,40.81436799999999,36005004300
113,-73.895697,40.820139000000005,36005008700
114,-73.9530777,40.8258574,36061022900
115,-73.93749759999999,40.6748316,36047034300
116,-73.90353,40.813735,36005008300
117,-74.16906759999998,40.5596069,36085014607
118,-73.91857879999998,40.8628084,36061029900
119,-73.86482679999999,40.844781899999994,36005023800
120,-73.95779499999998,40.6395281,36047051601
121,-73.86482679999999,40.844781899999994,36005023800
122,-73.98443499999998,40.7287766,36061003400
123,-73.94309940000001,40.7992468,36061018200
124,-74.01439599999998,40.703617799999996,36061031900
125,-73.95880679999998,40.645770299999995,36047051001
126,-73.89559129999998,40.647563700000006,36047098200
127,-73.7948516,40.7282239,36081124700
128,-73.986886,40.7467184,36061007600
129,-73.89558740000001,40.817336,36005008900
130,-74.0059728,40.7127753,36061003100
131,-73.95949399999998,40.6528762,36047050803
132,-73.91251329999999,40.84019489999999,36005022500
133,-73.90584249999998,40.8380595,36005014702
134,-73.9221469,40.656230799999996,36047088600
135,-73.9050496,40.6889405,36047040900
136,-73.9398583,40.5895644,36047059600
137,-73.9346386,40.7030124,36047048500
138,-73.94376290000001,40.8044257,36061019800
139,-73.9436236,40.815285700000004,36061022800
140,-73.86799409999998,40.82711949999999,36005004400
141,-73.9370656,40.8489395,36061026300
142,-73.92542550000002,40.8251361,36005006300
143,-73.89142700000001,40.8658092,36005040501
144,-73.9903977,40.576305100000006,36047032600
145,-73.99463270000001,40.692983500000004,36047000700
146,-73.95887390000001,40.7681295,36061012600
147,-73.9087549,40.8764756,36061030900
148,-73.9239599,40.862277,36061029100
149,-73.92484320000001,40.84648920000001,36005020501
150,-73.93112049999998,40.744252100000004,36081017900
151,-73.9374429,40.5969295,36047057200
152,-73.9139872,40.845436600000006,36005021700
153,-73.9274121,40.8183248,36005005100
154,-73.9182821,40.6863609,36047037500
155,-73.8826891,40.8718566,36005041500
156,-73.9234558,40.6751053,36047030700
157,-73.9060434,40.6703961,36047090800
158,-74.00339129999998,40.7121555,36061002900
159,-73.9197883,40.636723700000005,36047094402
160,-73.9355649,40.80692620000001,36061024200
161,-73.8629371,40.8781066,36005038000
162,-73.94543929999998,40.8077619,36061020000
163,-73.9068801,40.668522700000004,36047090600
164,-73.94453530000001,40.64213779999999,36047083000
165,-73.956223,40.653446,36047079602
166,-73.8281007,40.89015819999999,36005045600
167,-73.8247353,40.822633200000006,36005014400
168,-73.91912649999998,40.808100700000004,36005003900
169,-73.93754349999998,40.845265999999995,36061026300
170,-73.917901,40.84917,36005021501
171,,,NA
172,-74.1321427,40.6085684,36085018701
173,-74.01387679999998,40.65545609999999,36047001800
174,-73.88079929999998,40.85684029999999,36005039300
175,-73.86482679999999,40.844781899999994,36005023800
176,-73.926119,40.836624900000004,36005019900
177,-73.92111379999999,40.686778600000004,36047037500
178,-73.9129131,40.8554742,36005024502
179,-73.89303749999998,40.8649467,36005039901
180,-73.9073691,40.8770519,36005028900
181,-73.9453588,40.81573059999999,36061022800
182,-73.9039702,40.8560025,36005023900
183,-73.9031167,40.830280200000004,36005014900
184,-73.94542469999998,40.833478,36061024100
185,-73.879465,40.827138,36005005002
186,-73.92686590000001,40.8378687,36005019900
187,-73.9185071,40.8197591,36005006700
188,-73.874268,40.7442939,36081046700
189,-73.9055829,40.8557859,36005025100
190,-73.98412739999998,40.5907914,36047038200
191,-73.9822454,40.59327150000001,36047038200
192,-73.9346386,40.7030124,36047048500
193,-74.0831936,40.62245220000001,36085002900
194,-73.89578949999998,40.85973509999999,36005039902
195,-73.92512250000001,40.65944880000001,36047088200
196,,,NA
197,-73.91985759999999,40.648374,36047093400
198,-73.87903359999999,40.6744124,36047119200
199,-73.870375,40.832405,36005006400
200,-74.07745899999998,40.6446525,36085000700
201,-73.9809197,40.7578742,36061009600
202,-73.9099686,40.833994700000005,36005017701
203,-73.9276309,40.8377376,36005019300
204,-74.0018448,40.5773643,36047033000
205,-74.23767240000001,40.5366554,36085022600
206,-73.91499350000001,40.8080218,36005002702
207,-73.90829040000001,40.851810799999996,36005024100
208,-73.867277,40.755323,36081037700
209,-73.91517270000001,40.8406372,36005022300
210,-73.9519402,40.639140600000005,36047079000
211,-73.98748379999998,40.7736408,36061015100
212,-73.9171506,40.81059129999999,36005004100
213,-73.93682129999998,40.7598718,36081004300
214,-73.90964439999998,40.83714459999999,36005022500
215,-73.9109517,40.84097379999999,36005022500
216,-73.7948516,40.7282239,36081124700
217,-73.8545412,40.8738095,36005036800
218,-73.857579,40.898415,36005041800
219,-74.1478286,40.5609475,36085014605
220,-74.0813122,40.618317600000005,36085002900
221,-73.8919816,40.6663733,36047112600
222,-73.93115999999998,40.6522092,36047086800
223,-73.92580099999998,40.8279249,36005019500
224,-73.94950639999998,40.6470686,36047082400
225,-73.9868053,40.6791001,36047011900
226,-73.8925272,40.645599700000005,36047098400
227,-74.1725656,40.616174799999996,36085029102
228,-73.9841474,40.5790005,36047032600
229,-73.8341757,40.8851423,36005048400
230,-73.9582698,40.8023039,36061019702
231,-74.1610396,40.6269226,36085031901
232,-73.8912122,40.6677415,36047115800
233,-73.95988129999998,40.8036628,36061019701
234,-73.9162152,40.6940709,36047041700
235,,,NA
236,-73.9154758,40.6976751,36047043300
237,,,NA
238,-73.88590239999998,40.81503,36005011700
239,-73.9738863,40.69439879999999,36047018501
240,-73.9358823,40.6630381,36047087600
241,-73.91918309999998,40.8461086,36005021502
242,-73.94280400000001,40.7941401,36061017200
243,-73.89703490000001,40.861974100000005,36005023702
244,-73.941813,40.696002899999996,36047028300
245,-73.88601,40.79312770000001,36005000100
246,-73.9589228,40.690267999999996,36047023300
247,-73.91641790000001,40.83897049999999,36005022101
248,-73.9996513,40.5764316,36047032800
249,,,NA
250,-73.98900929999998,40.5761548,36047032600
251,-73.90856740000001,40.8504416,36005023301
252,-73.9278437,40.8292979,36005006300
253,-73.954583,40.8047212,36061021800
254,-73.95896599999998,40.637394,36047051800
255,-73.94482239999998,40.81448899999999,36061022600
256,-73.88613269999998,40.8276265,36005012102
257,-73.8257296,40.71264,36081021600
258,-74.01426699999998,40.6403946,36047010200
259,-73.9372626,40.622984,36047073800
260,-73.9810057,40.6103922,36047043200
261,-73.95949399999998,40.6528762,36047050803
262,-73.85461,40.8876024,36005040600
263,-73.8654258,40.8754101,36005037400
264,-73.91156590000001,40.83532,36005017702
265,-74.0834804,40.6143761,36085004000
266,-73.8852074,40.8180369,36005011502
267,,,NA
268,-73.96772519999998,40.7628561,36061011402
269,-73.93979379999998,40.7058314,36047049300
270,-73.92137209999999,40.6655034,36047090000
271,-73.89305490000001,40.8225494,36005015900
272,-73.88914799999999,40.8172939,36005009300
273,-73.86482679999999,40.844781899999994,36005023800
274,-73.91517270000001,40.8406372,36005022300
275,-73.9278533,40.8240401,36005006300
276,-74.01426699999998,40.6403946,36047010200
277,-73.9159505,40.8395644,36005022300
278,-73.81717809999998,40.8193191,36005013000
279,-73.95331999999998,40.6815268,36047024500
280,-73.9035554,40.8350193,36005014701
281,-73.95949399999998,40.6528762,36047050803
282,-73.8426391,40.869427200000004,36005035800
283,-73.88950299999998,40.826226,36005012701
284,-73.86482679999999,40.844781899999994,36005023800
285,-73.93597059999998,40.6523238,36047087200
286,-73.80018829999999,40.7033226,36081044601
287,-73.9057296,40.83296259999999,36005014500
288,-73.902836,40.85853789999999,36005023900
289,-73.86228050000001,40.7499212,36081040500
290,-74.0059728,40.7127753,36061003100
291,-73.80296290000001,40.6899966,36081019800
292,-73.9189434,40.8172968,36005006500
293,-74.08882,40.643928,36085008100
294,-73.9080122,40.846179,36005022901
295,-73.87857439999998,40.84422199999999,36005036100
296,-73.91771489999998,40.8206448,36005006700
297,-74.1312729,40.640526,36085020700
298,-73.83228179999998,40.760974100000006,36081087100
299,-74.00189170000002,40.71211479999999,36061002900
300,-73.87769399999998,40.82756699999999,36005005002
301,-73.8978971,40.859323100000005,36005023702
302,-73.9910835,40.7358633,36061005200
303,-73.9364949,40.670913299999995,36047033900
304,-73.94036559999998,40.8382122,36061024500
305,-73.95086239999998,40.789686700000004,36061016800
306,-73.87646769999998,40.8799105,36005042300
307,-73.93028199999998,40.835680700000005,36005019300
308,-73.8612488,40.877234,36005038000
309,-73.95164820000001,40.653827899999996,36047082000
310,-92.3404,34.741715,05119001800
311,-73.8247353,40.822633200000006,36005014400
312,-73.98211540000001,40.7687804,36061014500
313,,,NA
314,-73.92170440000001,40.83795870000001,36005021900
315,,,NA
316,-73.9312073,40.8545638,36061027900
317,-73.8954267,40.8336715,36005015300
318,-73.95214299999998,40.668414,36047032100
319,-73.96095249999998,40.6500949,36047050801
320,-73.80773420000001,40.700587799999994,36081021200
321,-73.9634411,40.671783000000005,36047017700
322,-73.93227890000001,40.6907549,36047029100
323,-73.8485824,40.818422600000005,36005008600
324,-73.904527,40.686316399999995,36047040300
325,-73.9473731,40.78458320000001,36061015602
326,-74.0069817,40.6374479,36047010400
327,-73.8834141,40.8358676,36005016100
328,-73.9910835,40.7358633,36061005200
329,-74.07745899999998,40.6446525,36085000700
330,-73.90908739999998,40.813232799999994,36005003500
331,-73.8277773,40.8287071,36005016600
332,-73.9822454,40.59327150000001,36047038200
333,-73.9604865,40.594103499999996,36047058400
334,-73.90942729999998,40.6664214,36047091200
335,-73.8635501,40.8953852,36005045101
336,-73.944965,40.8077652,36061020000
337,-73.82732850000001,40.8308433,36005016600
338,-73.95382690000001,40.7845593,36061015801
339,-73.78824159999998,40.689582200000004,36081027000
340,-73.8974707,40.8204955,36005008700
341,-73.73914350000001,40.7336309,36081130100
342,-73.88128019999998,40.8432092,36005036300
343,-73.96262970000001,40.7756496,36061014200
344,-73.74744799999998,40.6957729,36081053200
345,-73.91678409999999,40.8398843,36005022300
346,-73.8682089,40.6863694,36047118400
347,-73.756485,40.691488299999996,36081039400
348,-74.0075286,40.732865999999994,36061007500
349,-73.96137359999999,40.5814571,36047036400
350,-73.90523329999998,40.6186854,36047070000
351,-73.91641790000001,40.83897049999999,36005022101
352,-73.92571729999999,40.676341,36047030700
353,-73.93924810000001,40.689029299999994,36047027900
354,,,NA
355,-73.9281906,40.83391049999999,36005018900
356,-74.08018969999998,40.618421600000005,36085004000
357,-74.0059728,40.7127753,36061003100
358,-74.004272,40.75265220000001,36061009900
359,-73.86113470000001,40.83953579999999,36005021001
360,,,NA
361,-73.86672730000002,40.8305027,36005007000
362,-74.07745899999998,40.6446525,36085000700
363,-73.96027459999998,40.625881299999996,36047053200
364,-73.9521754,40.799836,36061021600
365,-73.8766128,40.8202213,36005002800
366,-73.9299429,40.648194700000005,36047086200
367,-74.07572929999998,40.6373185,36085002100
368,-74.00068329999998,40.574869899999996,36047032800
369,-74.08624520000001,40.639866299999994,36085001100
370,-73.86482679999999,40.844781899999994,36005023800
371,-73.9750196,40.683706,36047003500
372,-73.93575299999998,40.850063,36061027100
373,-73.87844580000002,40.8321027,36005005600
374,-73.95207059999998,40.810446500000005,36061025700
375,-73.9184645,40.825583200000004,36005018302
376,-73.8862997,40.6887278,36081056100
377,-73.9955258,40.64359280000001,36047011200
378,-73.89862339999998,40.8539464,36005037900
379,-73.9408041,40.820412,36061023200
380,-73.91788299999999,40.8227975,36005006900
381,-73.9347781,40.8520689,36061027100
382,-73.8873945,40.832248799999995,36005015700
383,-73.8600223,40.841550500000004,36005021001
384,-73.8761853,40.6747652,36047119400
385,-73.89820259999998,40.8590924,36005038301
386,-73.856803,40.882779,36005039600
387,-73.8935489,40.704237,36081058100
388,-73.9140965,40.833288200000005,36005018101
389,-73.92231770000001,40.66536310000001,36047090000
390,-73.88790240000002,40.8267511,36005012101
391,-74.00255899999998,40.5802099,36047033000
392,-73.9135008,40.6889344,36047039900
393,-74.0059728,40.7127753,36061003100
394,-73.87688849999998,40.8264901,36005005002
395,-73.98673169999998,40.772227799999996,36061015100
396,-73.75272679999998,40.6080355,36081103201
397,-73.8124855,40.70244539999999,36081021400
398,-73.929988,40.691045,36047038700
399,-73.8931662,40.6700412,36047115800
400,-73.88190689999998,40.86838579999999,36005041500
401,-73.86353799999998,40.74448599999999,36081041100
402,-74.0059728,40.7127753,36061003100
403,-73.8930488,40.67236219999999,36047114400
404,-73.75528899999998,40.6053416,36081103201
405,-74.000759,40.5781779,36047033000
406,-73.9968643,40.7060855,36061002500
407,-74.0874633,40.6472854,36085000700
408,-73.91143319999998,40.821282000000004,36005007100
409,-73.88778190000001,40.8374083,36005015500
410,-73.9287374,40.687406599999996,36047038500
411,-73.9174737,40.824333,36005017300
412,-73.94986229999998,40.6818146,36047024900
413,-73.93694920000002,40.842977399999995,36061025300
414,-73.90011190000001,40.85398789999999,36005038100
415,-73.83169129999999,40.85245,36005030000
416,-73.90520289999998,40.848077,36005023302
417,-73.90964709999999,40.8336219,36005017701
418,-73.9999441,40.7376219,36061007100
419,-73.9893848,40.7185941,36061001800
420,,,NA
421,,,NA
422,-74.0849259,40.616069700000004,36085002900
423,-73.92382640000001,40.8470288,36005020501
424,-73.98830579999998,40.684350200000004,36047007100
425,-73.9215126,40.811053,36005004100
426,-73.85467899999998,40.88985,36005042200
427,-73.94054810000002,40.69278910000001,36047028100
428,-73.9156273,40.8292146,36005017500
429,-73.8871125,40.6589543,36047110400
430,-73.9854323,40.7316589,36061004000
431,-73.93617239999998,40.8204328,36061023600
432,-73.9671431,40.75677049999999,36061009800
433,-73.857089,40.890285999999996,36005042200
434,-73.9140965,40.833288200000005,36005018101
435,-73.95949399999998,40.6528762,36047050803
436,-73.909527,40.8540405,36005025100
437,-73.95949399999998,40.6528762,36047050803
438,-73.91651490000001,40.8392489,36005022101
439,-74.0011086,40.7402624,36061008100
440,-73.9887064,40.71980000000001,36061001800
441,-80.266705,25.84529,12086000605
442,-73.87649320000001,40.8755156,36005042300
443,-73.82526639999998,40.71159960000001,36081021600
444,-73.87333570000001,40.742497,36081046300
445,-74.0059728,40.7127753,36061003100
446,-73.9217998,40.66004,36047088400
447,-73.86482679999999,40.844781899999994,36005023800
448,-73.92490129999999,40.836322100000004,36005019900
449,-73.9172323,40.8330671,36005018102
450,-73.93717609999999,40.831033700000006,36061024302
451,-73.9910835,40.7358633,36061005200
452,-74.0092811,40.6534984,36047000200
453,-73.8862997,40.6887278,36081056100
454,-73.7948516,40.7282239,36081124700
455,-73.9378468,40.81107859999999,36061021000
456,-73.87326359999999,40.8402176,36005024000
457,-73.9511548,40.810186,36061022200
458,-73.7948516,40.7282239,36081124700
459,-74.13472279999998,40.625787200000005,36085020100
460,,,NA
461,-73.94681690000002,40.81298839999999,36061022400
462,,,NA
463,-74.0825993,40.6141915,36085004000
464,-73.90107440000001,40.868294299999995,36005026701
465,-73.91507399999998,40.8409912,36005022300
466,-73.90002,40.8157528,36005008500
467,-74.00182640000001,40.577409700000004,36047033000
468,-74.0059728,40.7127753,36061003100
469,-73.8992888,40.821416299999996,36005012901
470,-73.9149017,40.808856799999994,36005003300
471,-73.94616189999998,40.79768,36061018400
472,,,NA
473,-73.8553137,40.8093335,36005000200
474,-73.98196229999998,40.777863200000006,36061015700
475,-74.0092635,40.6557617,36047000200
476,-74.0059728,40.7127753,36061003100
477,-73.92490129999999,40.836322100000004,36005019900
478,-73.798198,40.695076,36081025400
479,-73.7948516,40.7282239,36081124700
480,-73.8876198,40.8188417,36005011502
481,-73.9380434,40.8178804,36061021400
482,-73.89472789999998,40.8475669,36005037504
483,-73.86482679999999,40.844781899999994,36005023800
484,-73.8670374,40.839552600000005,36005021800
485,-73.8790465,40.6629758,36047111600
486,-73.8803303,40.882561100000004,36005043100
487,-73.897399,40.825201899999996,36005013100
488,-73.86482679999999,40.844781899999994,36005023800
489,-73.8454273,40.8182732,36005009000
490,-73.9946697,40.752705299999995,36061011100
491,,,NA
492,-73.8907497,40.858736,36005038700
493,-73.86340340000001,40.8412549,36005021001
494,-73.9396747,40.8044542,36061019800
495,-73.88889250000001,40.8193954,36005011502
496,-73.95949399999998,40.6528762,36047050803
497,-73.91131920000001,40.847883700000004,36005022701
498,-73.9674438,40.752798,36061009000
499,-73.92490129999999,40.836322100000004,36005019900
500,-73.91496550000001,40.6747322,36047030300
501,-73.94987239999998,40.826775299999994,36061022900
502,-73.86724579999998,40.82514889999999,36005004200
503,-73.940799,40.789173,36061017000
504,-73.7948516,40.7282239,36081124700
505,-73.9491681,40.648437799999996,36047082400
506,-73.9401682,40.7873441,36061016200
507,-73.91664999999998,40.819187899999996,36005006700
508,-73.862742,40.87939179999999,36005038000
509,-73.9391563,40.695625299999996,36047028300
510,-73.7948516,40.7282239,36081124700
511,-74.00182640000001,40.577409700000004,36047033000
512,-73.9199672,40.63578270000001,36047094402
513,-73.941813,40.696002899999996,36047028300
514,-73.89588540000001,40.664351399999994,36047112600
515,-73.95063689999998,40.6588051,36047080200
516,-74.1640824,40.625661,36085030302
517,-73.7903247,40.7076393,36081046000
518,-73.9001115,40.8539903,36005038100
519,-73.9461895,40.696177500000005,36047025902
520,-73.98469990000002,40.759763899999996,36061012500
521,-73.92846349999998,40.8104066,36005005100
522,-73.7866367,40.5954223,36081097203
523,-73.90398470000001,40.8576582,36005023900
524,-73.89091359999998,40.677725099999996,36047119800
525,-73.90642390000001,40.83268169999999,36005014500
526,-73.83127040000001,40.7652234,36081086900
527,-73.9431183,40.8159328,36061022800
528,-73.89864539999998,40.8666241,36005026500
529,-73.98736459999999,40.7630876,36061013300
530,-73.848109,40.8711939,36005035000
531,-73.900849,40.8346282,36005014900
532,-73.78320839999998,40.7006963,36081041400
533,-73.94500599999998,40.672364200000004,36047034100
534,-73.8999293,40.8795733,36005027700
535,-73.98982339999998,40.7396961,36061005200
536,-74.16619159999998,40.635857200000004,36085031902
537,-73.99944980000001,40.7216015,36061004500
538,-73.9155426,40.8165396,36005007100
539,-73.9023665,40.8687016,36005026701
540,-73.9879464,40.5762644,36047032600
541,-74.0039697,40.580833,36047033600
542,-73.89683699999998,40.829423,36005015100
543,-74.00189,40.747844,36061009300
544,-73.91651490000001,40.8392489,36005022101
545,-73.88351399999998,40.867348,36005041500
546,-73.90442949999998,40.854142200000005,36005024100
547,-73.9499165,40.67609789999999,36047031500
548,-73.94989670000001,40.65000429999999,36047082400
549,-73.86533809999999,40.8641395,36005033000
550,-73.99297890000001,40.75285700000001,36061011100
551,,,NA
552,-73.9045355,40.7024011,36081055100
553,-73.95099929999998,40.653099100000006,36047082000
554,-73.86482679999999,40.844781899999994,36005023800
555,-73.92252839999998,40.6819408,36047037700
556,-73.91205409999998,40.850068799999995,36005021700
557,-73.8642797,40.8850665,36005039400
558,-73.92608469999998,40.83335770000001,36005019300
559,-73.9184645,40.825583200000004,36005018302
560,-73.89272799999998,40.662586700000006,36047112800
561,-73.90755290000001,40.663068900000006,36047091200
562,-73.845055,40.664703100000004,36081089200
563,-73.9495271,40.7861708,36061015802
564,-73.91722109999998,40.819999700000004,36005006700
565,-73.95641739999998,40.6677842,36047032500
566,-73.8833643,40.6665456,36047112400
567,-73.8931411,40.666378200000004,36047112600
568,-73.91390299999998,40.849627000000005,36005021502
569,-73.87735079999999,40.8281405,36005005002
570,-73.95949399999998,40.6528762,36047050803
571,-73.90755290000001,40.663068900000006,36047091200
572,-73.95949399999998,40.6528762,36047050803
573,-73.88079929999998,40.85684029999999,36005039300
574,-73.91324820000001,40.766355499999996,36081014300
575,-73.94068840000001,40.8377794,36061024500
576,,,NA
577,-73.9227828,40.8173545,36005006500
578,-73.9800415,40.7263234,36061002800
579,-73.8700237,40.8320312,36005007600
580,-73.91226069999998,40.682190399999996,36047037100
581,-73.9552005,40.6542568,36047082200
582,-73.9503568,40.826410700000004,36061022900
583,-73.873469,40.8761342,36005042901
584,-73.9098308,40.663892600000004,36047092400
585,-73.9422902,40.7969671,36061018200
586,-73.9217503,40.831643,36005019500
587,-73.86482679999999,40.844781899999994,36005023800
588,-73.92137209999999,40.6655034,36047090000
589,-73.9494383,40.6782261,36047031500
590,-73.9754521,40.719343200000004,36061002000
591,-74.1692118,40.5804079,36085027702
592,-73.9001329,40.872386,36005026702
593,-73.90647899999998,40.838772,36005017100
594,-73.92199040000001,40.835793,36005019700
595,-73.75539599999998,40.704524,36081050800
596,-73.99069320000001,40.71675219999999,36061001600
597,-73.85514549999998,40.8224938,36005009800
598,-73.9383115,40.5978873,36047057200
599,-73.91449879999998,40.8055571,36005002701
600,-73.90215669999998,40.872506,36005027300
601,-73.9898439,40.691388200000006,36047000900
602,-73.9300578,40.811865600000004,36005005100
603,-73.8930488,40.67236219999999,36047114400
604,-73.98365179999998,40.5924347,36047038200
605,-73.917312,40.830775,36005018101
606,-73.8874273,40.859572899999996,36005038700
607,-73.8631851,40.882866899999996,36005039000
608,-73.92523260000002,40.813140000000004,36005005100
609,-73.85680620000001,40.8763934,36005036800
610,-73.94016119999998,40.704879600000005,36047049300
611,-73.94771539999998,40.695274600000005,36047025901
612,-73.96625990000001,40.7989665,36061018900
613,-73.89144040000001,40.823243299999994,36005011900
614,-73.88052049999999,40.8291717,36005005400
615,-73.7909197,40.763335600000005,36081113900
616,-73.90803160000002,40.8369709,36005017702
617,-73.84137799999998,40.89869229999999,36005044400
618,-73.81696559999999,40.7117759,36081022002
619,-73.94202800000001,40.83288029999999,36061024100
620,-74.0059728,40.7127753,36061003100
621,-73.9192865,40.67062620000001,36047036100
622,-73.9800259,40.75962929999999,36061010400
623,-73.93908499999998,40.5860016,36047059800
624,-73.9505697,40.6677222,36047031900
625,-73.89182079999998,40.679313,36047114600
626,-73.9433822,40.812474,36061022600
627,-73.8676378,40.85663220000001,36005022403
628,-73.952939,40.80134899999999,36061021600
629,-73.91524620000001,40.8417599,36005022300
630,-74.08359509999998,40.622653899999996,36085002900
631,-73.9630991,40.775016799999996,36061014200
632,-73.952737,40.6914185,36047024100
633,-73.94520190000001,40.6898391,36047026300
634,-73.7971551,40.69040510000001,36081019600
635,-74.0059728,40.7127753,36061003100
636,-73.89588599999998,40.6605835,36047113000
637,-73.980323,40.612891999999995,36047043200
638,-73.8823738,40.8533357,36005039300
639,-73.89249339999998,40.85277120000001,36005037504
640,-73.9042297,40.8582362,36005023900
641,-73.91524620000001,40.8417599,36005022300
642,-73.804912,40.672457,36081081400
643,-73.8623527,40.7300533,36081069300
644,-73.9495938,40.79170870000001,36061016800
645,-73.8891038,40.65942829999999,36047110400
646,-73.9882871,40.7173634,36061001800
647,-73.9450753,40.6779591,36047031300
648,-73.9211883,40.867712100000006,36061030300
649,-73.94462440000001,40.686912400000004,36047026500
650,-73.9565092,40.65202670000001,36047079602
651,-73.93947440000001,40.8209435,36061023200
652,-73.90017739999998,40.6586765,36047092000
653,-73.820876,40.678833000000004,36081010200
654,-73.86482679999999,40.844781899999994,36005023800
655,-73.89313159999998,40.6652053,36047112600
656,-73.9031434,40.8183571,36005007900
657,-73.9233292,40.6704487,36047035900
658,-73.79401399999998,40.705909999999996,36081046000
659,-73.9897885,40.757251700000005,36061012100
660,-73.93211,40.689310600000006,36047029100
661,-73.88658199999998,40.836238,36005016100
662,-73.91030289999998,40.7565293,36081016300
663,-73.98911389999998,40.7317691,36061004200
664,-73.939413,40.68995220000001,36047027900
665,-73.9250177,40.834799200000006,36005019900
666,-73.8624663,40.8786594,36005038000
667,-73.873655,40.74581329999999,36081046700
668,-74.0059728,40.7127753,36061003100
669,-73.9811407,40.689755299999995,36047003300
670,-73.91919940000001,40.695767100000005,36047041900
671,-73.91524620000001,40.8417599,36005022300
672,-73.9208276,40.867428499999995,36061029300
673,-73.91071769999998,40.8390162,36005022500
674,-73.90875009999998,40.9040658,36005032300
675,-74.0009505,40.715891799999994,36061002900
676,,,NA
677,-73.95802579999999,40.6459145,36047079200
678,-73.90484169999998,40.844595500000004,36005016500
679,-74.0009505,40.715891799999994,36061002900
680,-73.84751259999999,40.8875027,36005042400
681,-73.99871850000001,40.7324787,36061006300
682,-73.965616,40.795477399999996,36061018900
683,-73.95996439999998,40.68383,36047023100
684,-73.88644670000001,40.792137700000005,36005000100
685,-73.95029759999998,40.698820399999995,36047025500
686,-73.9561681,40.8207594,36061022301
687,-73.8318208,40.88485259999999,36005048400
688,-73.9066342,40.6632471,36047091200
689,-73.99747059999999,40.643736700000005,36047009200
690,-73.931343,40.585064,36047062200
691,-73.93841040000001,40.6878044,36047027700
692,-73.91524620000001,40.8417599,36005022300
693,-73.863766,40.879714,36005038000
694,-73.95471490000001,40.673046,36047021900
695,-73.8902935,40.664190600000005,36047112600
696,-74.00336800000001,40.7330365,36061007300
697,-73.9166019,40.808971899999996,36005004100
698,-73.8560468,40.8874532,36005040600
699,-73.9316338,40.785247600000005,36061024000
700,-73.93488669999998,40.679581799999994,36047027100
701,-74.0059728,40.7127753,36061003100
702,-73.86482679999999,40.844781899999994,36005023800
703,-73.77109759999998,40.6782546,36081033401
704,-73.8908421,40.8358196,36005015500
705,-73.94712609999998,40.8258981,36061022900
706,-73.9611846,40.598295799999995,36047039200
707,-73.9049663,40.8828875,36005028700
708,-73.9022406,40.8314084,36005014900
709,-73.94200119999998,40.8375006,36061024500
710,-73.9123801,40.8309583,36005017701
711,-73.94386750000001,40.7931528,36061017200
712,-73.82145909999998,40.8639835,36005030200
713,-73.95949399999998,40.6528762,36047050803
714,-73.93684499999998,42.809708,36093020800
715,-74.00189170000002,40.71211479999999,36061002900
716,-73.89009829999998,40.8215042,36005011900
717,-73.9250177,40.834799200000006,36005019900
718,-73.7962512,40.704809000000004,36081044601
719,-73.84992629999998,40.9035373,36005044200
720,-73.93178,40.850666700000005,36061026900
721,-73.92316059999999,40.674475799999996,36047030700
722,-73.90498070000002,40.64847899999999,36047109800
723,-73.92239769999998,40.6710125,36047035900
724,-73.91591369999998,40.82018009999999,36005006900
725,-73.9067532,40.8235775,36005018500
726,-73.92580099999998,40.8279249,36005019500
727,-73.91462349999998,40.8365114,36005017902
728,-73.929386,40.6802881,36047029700
729,-73.9387998,40.703454,36047048900
730,-73.95684469999998,40.63865560000001,36047051601
731,-73.95949399999998,40.6528762,36047050803
732,-74.00586609999998,40.740264200000006,36061007900
733,-73.7842,40.69306599999999,36081026600
734,-73.9722048,40.7498231,36061008800
735,-73.92316059999999,40.674475799999996,36047030700
736,-73.9271838,40.817433799999996,36005005100
737,-73.9455266,40.7563047,36081002500
738,-73.8878608,40.84213099999999,36005036502
739,-73.9130035,40.8334151,36005017701
740,-73.9221918,40.667359600000005,36047036100
741,-73.9772825,40.7222349,36061002601
742,-73.9801753,40.717187599999995,36061001002
743,-73.9112273,40.8224399,36005014100
744,-73.98776459999998,40.7498204,36061010900
745,-73.92441109999999,40.6208524,36047068000
746,-73.95949399999998,40.6528762,36047050803
747,-73.89331870000001,40.8593188,36005038302
748,-73.9449103,40.8130374,36061022600
749,-73.9370613,40.811225,36061021000
750,-73.86508309999998,40.8543539,36005022404
751,-73.9016506,40.8578474,36005023704
752,-73.9144869,40.8116589,36005004300
753,-73.9229063,40.8471026,36005020501
754,-73.90039920000001,40.6670204,36047113400
755,-73.9377033,40.8084411,36061020600
756,-73.98096120000001,40.6979307,36047002300
757,-73.9974191,40.7700321,36061013500
758,-73.94936480000001,40.8286233,36061023300
759,-73.87326379999999,40.672421299999996,36047121000
760,-73.8897441,40.8630781,36005039700
761,-74.00111489999998,40.7307914,36061006500
762,-73.941243,40.828292,36061023501
763,-73.9333963,40.7718953,36081008100
764,,,NA
765,-73.9511563,40.6384299,36047082800
766,-73.91793530000002,40.659521999999996,36047089000
767,-73.91425869999998,40.8129283,36005004300
768,-73.9113964,40.83101729999999,36005017701
769,-73.95949399999998,40.6528762,36047050803
770,-73.9155717,40.8290122,36005017500
771,-73.8683238,40.8260979,36005004400
772,-73.98613639999998,40.75752620000001,36061011900
773,-73.84450009999998,40.85626370000001,36005029600
774,-73.7948516,40.7282239,36081124700
775,-73.95949399999998,40.6528762,36047050803
776,-73.892849,40.86807650000001,36005040303
777,-73.94347909999998,40.68224179999999,36047026900
778,-73.9113781,40.6993695,36047043900
779,-73.89601040000001,40.855597700000004,36005038302
780,-73.8956676,40.66630120000001,36047115600
781,-73.91726419999998,40.8490832,36005021502
782,-73.8536223,40.834472999999996,36005022200
783,-73.93754059999998,40.6799565,36047027300
784,-73.9125926,40.8550674,36005024502
785,-73.7337896,40.714068499999996,36081056800
786,-73.906852,40.8707925,36005026900
787,-73.9893283,40.7139005,36061000600
788,-73.87674140000001,40.658681200000004,36047107800
789,-73.93178,40.850666700000005,36061026900
790,-73.94808540000001,40.795543,36061017401
791,-73.90442409999999,40.8152581,36005007900
792,-73.9404248,40.7119126,36047048500
793,-73.982957,40.689699,36047003300
794,-74.16076439999998,40.6305217,36085031901
795,-73.95244,40.7210549,36047051700
796,-73.90918959999998,40.82035020000001,36005007500
797,-73.9384252,40.850874700000006,36061026500
798,-73.786025,40.6737751,36081028800
799,-83.06690520000001,39.95400120000001,39049004700
800,-73.92354000000002,40.677209999999995,36047029900
801,-73.9859997,40.7573349,36061011900
802,-73.90819590000001,40.824319700000004,36005018500
803,-74.0059728,40.7127753,36061003100
804,-73.99565570000001,40.5790202,36047033000
805,-73.94043509999999,40.701082899999996,36047049100
806,-73.8840908,40.848138399999996,36005036501
807,-73.9266358,40.864538700000004,36061028700
808,-73.9531458,40.65691690000001,36047080200
809,-73.8929641,40.82121970000001,36005015900
810,-73.950497,40.654468,36047082000
811,-73.91787099999998,40.834801899999995,36005019700
812,-73.92290279999999,40.7394469,36081018501
813,-73.89000519999998,40.8137349,36005009300
814,-73.9223604,40.836129299999996,36005021900
815,-73.9091449,40.8122511,36005003500
816,-73.8613752,40.8774734,36005038000
817,-73.9813436,40.6854062,36047003900
818,-74.00215410000001,40.7365053,36061007700
819,-73.9382718,40.796313,36061018800
820,-73.9158547,40.6948805,36047041700
821,-73.9508132,40.7695622,36061013200
822,-73.917282,40.834496,36005017901
823,-73.98694929999998,40.7560445,36061011900
824,-73.9525697,40.80885019999999,36061025700
825,-73.89619739999998,40.8218524,36005008700
826,-73.91524620000001,40.8417599,36005022300
827,-73.91166690000001,40.806962799999994,36005002702
828,-73.90633879999999,40.86366470000001,36005026300
829,-73.86482679999999,40.844781899999994,36005023800
830,-73.9475595,40.6410141,36047082800
831,-73.9001025,40.7433242,36081024700
832,-73.91416679999998,40.8363467,36005017902
833,-73.89349770000003,40.859183,36005038302
834,-73.98298600000003,40.673008,36047013500
835,-73.9109411,40.6787906,36047037100
836,-73.99132759999998,40.7578775,36061011500
837,-73.89433629999998,40.6449249,36047098600
838,-73.97187530000001,40.7629679,36061011202
839,-73.908147,40.85878220000001,36005025100
840,-73.9001012,40.8728415,36005026702
841,-73.8960468,40.821563899999994,36005008700
842,-73.92045929999998,40.66563499999999,36047090000
843,-73.91388459999999,40.8284632,36005017500
844,-73.90231659999998,40.8835686,36005028700
845,-73.9876018,40.694750299999995,36047001100
846,-73.91025669999998,40.8129111,36005003500
847,-73.9589228,40.690267999999996,36047023300
848,-73.902836,40.85853789999999,36005023900
849,-73.95403950000001,40.821355,36061022301
850,-73.89061199999998,40.669317299999996,36047115800
851,-73.7351496,40.7261564,36081056000
852,-73.93537990000002,40.8515173,36061027100
853,-73.8756316,40.8267185,36005004800
854,-73.88305470000002,40.84380170000001,36005036300
855,-73.898552,40.667283000000005,36047113400
856,-74.13350140000001,40.6377917,36085020700
857,-73.9797428,40.695654600000005,36047002901
858,-77.4037261,36.878021200000006,51183870201
859,-73.92025179999999,40.8809075,36005029301
860,-73.9588887,40.6686718,36047021300
861,-73.917118,40.69811,36047043300
862,-73.91485750000002,40.824506299999996,36005014100
863,-73.95524959999999,40.7076976,36047052700
864,-73.9059272,40.8330398,36005014500
865,-74.00363490000001,40.742924200000004,36061008300
866,-73.94565109999998,40.692051,36047026100
867,-73.92044820000001,40.826646999999994,36005018302
868,-73.91327120000001,40.7655294,36081014300
869,-73.9619668,40.75961969999999,36061011000
870,-73.9803445,40.6865313,36047003900
871,-73.9447158,40.82402159999999,36061023100
872,-73.92183390000001,40.6770246,36047029900
873,-74.07688870000001,40.6377602,36085002100
874,-73.95949399999998,40.6528762,36047050803
875,-73.9344679,40.8171779,36061021000
876,-73.98942650000001,40.7574573,36061011900
877,-73.8950177,40.6646102,36047112600
878,-73.97726759999998,40.727564799999996,36061002800
879,-73.94415790000001,40.6781784,36047031300
880,-73.9900657,40.57604179999999,36047032600
881,-73.94484489999998,40.688818700000006,36047026300
882,-73.89300859999999,40.8238573,36005015900
883,-73.94735959999998,40.686791299999996,36047026500
884,-73.8097056,40.705547700000004,36081023800
885,-73.95098349999998,40.663950899999996,36047032100
886,-73.8270199,40.762361,36081086500
887,-73.90176590000002,40.823633,36005013300
888,-73.90495909999999,40.843382500000004,36005022902
889,-73.99028659999998,40.7565743,36061011500
890,-73.96139099999998,40.682939000000005,36047023100
891,-73.95807049999998,40.8049045,36061020102
892,-73.8500269,40.8275926,36005009800
893,-73.976055,40.7514465,36061009200
894,-73.9762063,40.7815071,36061016500
895,-73.997552,40.746581,36061009300
896,-73.9745066,40.6807245,36047016100
897,-73.89063730000001,40.826447200000004,36005012701
898,-73.94432990000001,40.7540668,36081002500
899,-73.9475321,40.6588811,36047080400
900,-73.9427462,40.6936847,36047028100
901,-73.8635718,40.8821723,36005039000
902,-73.9023334,40.845594500000004,36005023100
903,-73.938965,40.687206,36047027700
904,-73.86431359999999,40.8815115,36005037800
905,-73.96007689999998,40.67487620000001,36047021500
906,-73.8373806,40.8907304,36005042600
907,-73.8888161,40.8337469,36005015700
908,-73.99356479999999,40.7526686,36061011100
909,-73.9376095,40.59612569999999,36047057200
910,-73.85497769999998,40.89448429999999,36005043400
911,-73.8540762,40.8734473,36005036800
912,-73.9095328,40.8744933,36061030900
913,-73.9047823,40.81567829999999,36005007900
914,-73.92239769999998,40.6710125,36047035900
915,-73.8927827,40.86505220000001,36005040501
916,-73.87348899999998,40.841892,36005022000
917,-73.88629089999998,40.7554264,36081028300
918,-74.0009505,40.715891799999994,36061002900
919,-73.822436,40.750938,36081084500
920,-73.9419382,40.7856939,36061016200
921,-73.9295985,40.651445700000004,36047086200
922,-74.02677609999998,40.63323980000001,36047006600
923,-73.894196,40.863823,36005039901
924,-73.922516,40.682232,36047037700
925,-73.9676762,40.7628581,36061011402
926,-73.83792700000001,40.839403499999996,36005019400
927,-73.92580099999998,40.8279249,36005019500
928,-73.948172,40.7181647,36047051500
929,-73.95913890000001,40.669672,36047021300
930,-73.88613000000001,40.81576099999999,36005011700
931,-73.91940190000001,40.8351745,36005019700
932,-74.0846672,40.61519390000001,36085002900
933,-73.9951995,40.6450938,36047011000
934,-73.90028199999998,40.86378699999999,36005026500
935,-74.0016188,40.74153949999999,36061008300
936,-73.9027777,40.869276299999996,36005026701
937,-73.8891562,40.675495500000004,36047119800
938,-74.02940149999998,40.614814,36047016200
939,-73.91810130000002,40.770062599999996,36081006900
940,-74.0035359,40.7428238,36061008300
941,-73.8878245,40.835392999999996,36005016100
942,-73.91388459999999,40.8284632,36005017500
943,,,NA
944,-74.00078640000001,40.721696200000004,36061004700
945,-73.93024150000001,40.67464879999999,36047030700
946,-73.78982090000001,40.7668547,36081109900
947,-73.90851909999998,40.8329598,36005014500
948,-73.97150409999998,40.76377540000001,36061011401
949,-73.9337791,40.846788000000004,36061026100
950,,,NA
951,-73.88952409999999,40.8185896,36005009300
952,-73.9033699,40.848960999999996,36005023502
953,-73.9409727,40.5977843,36047057200
954,-73.91032790000001,40.8742634,36061030900
955,-73.88997940000002,40.82678920000001,36005012701
956,-73.9817403,40.698795700000005,36047002300
957,-73.8974707,40.8204955,36005008700
958,-73.9586276,40.6660653,36047032500
959,-73.9072304,40.6878827,36047041100
960,-73.94671120000001,40.631221200000006,36047077400
961,-73.91534779999998,40.814278200000004,36005004300
962,-73.9385609,40.686687799999994,36047027700
963,-73.97837059999998,40.739123000000006,36061006600
964,-73.9782886,40.7209693,36061002601
965,-73.92103449999998,40.6678482,36047036100
966,-73.9268797,40.6566889,36047086600
967,-73.961906,40.682495,36047020100
968,-73.80572020000001,40.6772234,36081017800
969,-73.8978825,40.821011799999994,36005008700
970,-74.11870920000001,40.6088195,36085017300
971,-73.9250845,40.673846600000005,36047030700
972,-73.96067140000001,40.660994,36047032700
973,-73.91565329999999,40.81266770000001,36005004300
974,-73.90192440000001,40.8580946,36005023900
975,-73.86050469999998,40.8768619,36005038000
976,-73.74029420000001,40.659107,36081065400
977,-73.9604865,40.594103499999996,36047058400
978,-73.8373806,40.8907304,36005042600
979,-73.90955,40.691503000000004,36047043700
980,-73.9411205,40.7102215,36047049300
981,-73.90364050000002,40.70294680000001,36081055100
982,-74.02854339999998,40.6094454,36047016400
983,-73.90636640000001,40.8702975,36005026900
984,-73.948419,40.6399946,36047082800
985,-73.90973000000001,40.815354600000006,36005007300
986,-73.94205939999998,40.6103271,36047064000
987,-73.9023855,40.8124096,36005008300
988,-73.8310857,40.9019104,36119002700
989,-73.91650240000001,40.8188861,36005006700
990,-73.999298,40.572990000000004,36047034200
991,-73.952765,40.65745,36047080200
992,-73.91496590000001,40.8512384,36005024501
993,-74.07502149999998,40.6422102,36085000300
994,-73.98281000000001,40.761715,36061013100
995,-73.894196,40.863823,36005039901
996,-73.8908447,40.6646171,36047112600
997,-73.9339816,40.7628425,36081004500
998,-73.90096159999999,40.83170700000001,36005014900
999,-73.89910139999998,40.8228673,36005012901
1000,-73.949647,40.678963,36047024700
1001,-73.9419184,40.822831799999996,36061023200
1002,-73.87863540000001,40.6731101,36047119400
1003,-73.86715790000001,40.871438899999994,36005033800
1004,-73.88320240000002,40.6486898,36047105804
1005,-73.93158170000001,40.8324556,36005018900
1006,-73.9888689,40.713254,36061000600
1007,-73.921989,40.813858,36005005100
1008,-73.84888570000001,40.9065156,36005044200
1009,-73.85261640000002,40.89781929999999,36005043400
1010,-73.94099270000001,40.691810600000004,36047028100
1011,-73.98410770000001,40.754835799999995,36061008400
1012,-73.83440449999998,40.687576,36081011000
1013,-73.9046771,40.670251,36047090800
1014,-73.95842549999998,40.6699263,36047021300
1015,-73.93431729999999,40.6299346,36047073200
1016,-73.95045069999998,40.6847434,36047024500
1017,-73.85227809999998,40.8917815,36005043000
1018,-73.7247189,40.754022,36081152902
1019,-73.92974709999999,40.6463192,36047084800
1020,-73.9274121,40.8183248,36005005100
1021,-73.94433099999998,40.7569025,36081008500
1022,-73.917836,40.818171,36005006700
1023,-73.8569485,40.8369144,36005021002
1024,-73.9182804,40.6724412,36047036300
1025,-73.8958907,40.82099470000001,36005008700
1026,-73.99032350000002,40.734537100000004,36061006100
1027,-73.9400888,40.7895918,36061016200
1028,,,NA
1029,-73.94327209999999,40.755323499999996,36081002500
1030,-73.86406590000001,40.879796,36005038000
1031,-73.9147339,40.675966700000004,36047030300
1032,-73.9822123,40.7396129,36061006600
1033,-73.90004640000001,40.823496399999996,36005012901
1034,-73.9472933,40.6826696,36047024900
1035,-73.893107,40.82372609999999,36005015900
1036,-73.92117139999998,40.826400299999996,36005005902
1037,-73.83160880000001,40.7545547,36081084900
1038,-73.8929508,40.8246818,36005012701
1039,-73.94148270000001,40.59831079999999,36047057000
1040,-73.90541710000002,40.616661799999996,36047070600
1041,-73.9719197,40.7947225,36061018300
1042,-73.9508865,40.686943400000004,36047024300
1043,-73.83724269999998,40.87954879999999,36005046202
1044,-73.91496599999998,40.669971600000004,36047090200
1045,-73.86482679999999,40.844781899999994,36005023800
1046,-73.9083796,40.6630322,36047091200
1047,-73.9374292,40.8043863,36061019600
1048,-73.8791219,40.681693200000005,36047117400
1049,-73.85497769999998,40.89448429999999,36005043400
1050,-73.760702,40.671102000000005,36081033000
1051,-73.92044820000001,40.826646999999994,36005018302
1052,-73.8672388,40.8697148,36005033600
1053,-73.94505749999998,40.6903133,36047026300
1054,-73.90591599999998,40.8384967,36005016900
1055,-73.9403449,40.809476000000004,36061020800
1056,-73.91134040000001,40.8291242,36005014300
1057,-73.95949399999998,40.6528762,36047050803
1058,-73.890305,40.8257535,36005012701
1059,-73.9025297,40.8173632,36005008500
1060,-73.92969599999998,40.67702999999999,36047030700
1061,-73.90246859999998,40.7537235,36081025700
1062,-73.89300859999999,40.8238573,36005015900
1063,-73.847921,40.9039475,36005044200
1064,-73.91857979999999,40.818700299999996,36005006700
1065,-73.9241213,40.8439174,36005020100
1066,-73.89107829999998,40.67101479999999,36047115800
1067,-73.9099926,40.8165456,36005007500
1068,-73.861221,40.887454,36005039400
1069,-73.89300859999999,40.8238573,36005015900
1070,-73.8672845,40.867898600000004,36005033600
1071,-73.99283729999998,40.716953600000004,36061001600
1072,-73.9307467,40.8137756,36005006300
1073,-73.84904759999998,40.8675672,36005035000
1074,-73.9035554,40.8350193,36005014701
1075,-73.9479559,40.8145912,36061021500
1076,-73.9897885,40.757251700000005,36061012100
1077,-73.89742530000001,40.67035739999999,36047114400
1078,-73.98310790000001,40.69755019999999,36047002300
1079,-73.84774820000001,40.8961169,36005043600
1080,-73.9588969,40.6504749,36047050801
1081,-73.90733409999999,40.8362187,36005014702
1082,-73.9037017,40.8587152,36005023900
1083,-73.97303240000001,40.6089826,36047043800
1084,-73.8719114,40.6753783,36047119600
1085,-73.75910329999998,40.594577,36081099802
1086,-73.9004143,40.8231263,36005012901
1087,-73.8459835,40.870335100000005,36005035800
1088,-73.8713703,40.8243797,36005004600
1089,-73.9305648,40.8134532,36005006300
1090,-73.87787589999998,40.682042100000004,36047117400
1091,-73.90391369999998,40.8583762,36005023900
1092,-73.9382542,40.8273479,36061023600
1093,-73.9885698,40.615092100000005,36047025800
1094,-73.94374499999998,40.6825139,36047026700
1095,-73.7504276,40.7248561,36081055200
1096,-73.9609407,40.6517403,36047050801
1097,-73.915904,40.832489,36005018101
1098,-73.81508840000001,40.6988585,36081014202
1099,-73.81916149999998,40.8215953,36005014400
